  200.0 1.892E-13
  210.0 1.304E-13
  220.0 9.146E-14
  230.0 6.510E-14
  240.0 4.696E-14
  250.0 3.429E-14
  260.0 2.531E-14
  270.0 1.886E-14
  280.0 1.419E-14
  290.0 1.076E-14
  300.0 8.214E-15
  310.0 6.314E-15
  320.0 4.882E-15
  330.0 3.794E-15
  340.0 2.963E-15
  350.0 2.324E-15
  360.0 1.830E-15
  370.0 1.446E-15
  380.0 1.147E-15
  390.0 9.120E-16
  400.0 7.275E-16
  410.0 5.821E-16
  420.0 4.671E-16
  430.0 3.759E-16
  440.0 3.034E-16
  450.0 2.456E-16
  460.0 1.995E-16
  470.0 1.626E-16
  480.0 1.330E-16
  490.0 1.093E-16
  500.0 9.014E-17
  510.0 7.470E-17
  520.0 6.221E-17
  530.0 5.209E-17
  540.0 4.386E-17
  550.0 3.715E-17
  560.0 3.166E-17
  570.0 2.716E-17
  580.0 2.346E-17
  590.0 2.040E-17
  600.0 1.787E-17
  610.0 1.575E-17
  620.0 1.398E-17
  630.0 1.249E-17
  640.0 1.123E-17
  650.0 1.016E-17
  660.0 9.241E-18
  670.0 8.450E-18
  680.0 7.764E-18
  690.0 7.166E-18
  700.0 6.641E-18
  710.0 6.177E-18
  720.0 5.765E-18
  730.0 5.396E-18
  740.0 5.064E-18
  750.0 4.764E-18
  760.0 4.491E-18
  770.0 4.241E-18
  780.0 4.013E-18
  790.0 3.802E-18
  800.0 3.607E-18
  810.0 3.426E-18
  820.0 3.258E-18
  830.0 3.101E-18
  840.0 2.954E-18
  850.0 2.816E-18
  860.0 2.686E-18
  870.0 2.564E-18
  880.0 2.450E-18
  890.0 2.341E-18
  900.0 2.239E-18
  910.0 2.142E-18
  920.0 2.050E-18
  930.0 1.963E-18
  940.0 1.881E-18
  950.0 1.803E-18
  960.0 1.728E-18
  970.0 1.658E-18
  980.0 1.591E-18
  990.0 1.527E-18
 1000.0 1.466E-18