1 43116U 18004F   19031.13048719  .00000918  00000-0  42315-4 0  9992
2 43116  97.5116  99.1851 0010091  20.8368 339.3277 15.22796283 58414
1 43116U 18004F   19031.32761910  .00000950  00000-0  43683-4 0  9993
2 43116  97.5116  99.3822 0010071  20.1862 339.9771 15.22796757 58448
1 43116U 18004F   19031.78759285  .00000952  00000-0  43785-4 0  9990
2 43116  97.5116  99.8421 0010025  18.6639 341.4963 15.22797671 58516
1 43116U 18004F   19032.18185520  .00001058  00000-0  48283-4 0  9996
2 43116  97.5115 100.2363 0009998  17.2672 342.8903 15.22799219 58571
1 43116U 18004F   19032.24756538  .00001169  00000-0  53035-4 0  9990
2 43116  97.5115 100.3020 0009991  17.0568 343.1002 15.22800030 58586
1 43116U 18004F   19032.77324898  .00001107  00000-0  50384-4 0  9994
2 43116  97.5114 100.8276 0009942  15.3114 344.8422 15.22800701 58665
1 43116U 18004F   19032.90466966  .00001148  00000-0  52127-4 0  9994
2 43116  97.5114 100.9590 0009932  14.8629 345.2897 15.22801210 58688
1 43116U 18004F   19033.16751093  .00001168  00000-0  52983-4 0  9993
2 43116  97.5113 101.2218 0009906  13.9508 346.2000 15.22801951 58729
1 43116U 18004F   19033.36464177  .00001248  00000-0  56434-4 0  9993
2 43116  97.5113 101.4189 0009881  13.2956 346.8539 15.22802840 58754
1 43116U 18004F   19033.75890417  .00001025  00000-0  46905-4 0  9991
2 43116  97.5112 101.8131 0009841  11.9828 348.1641 15.22802325 58817
1 43116U 18004F   19034.21887533  .00001237  00000-0  55930-4 0  9991
2 43116  97.5111 102.2730 0009796  10.3510 349.7926 15.22804686 58888
1 43116U 18004F   19034.28458552  .00001297  00000-0  58491-4 0  9994
2 43116  97.5111 102.3387 0009790  10.1212 350.0220 15.22805160 58899
1 43116U 18004F   19034.81026712  .00001240  00000-0  56073-4 0  9994
2 43116  97.5110 102.8643 0009731   8.3366 351.8030 15.22806071 58971
1 43116U 18004F   19035.13881784  .00001229  00000-0  55610-4 0  9991
2 43116  97.5109 103.1927 0009692   7.1874 352.9499 15.22806812 59026
1 43116U 18004F   19035.27023833  .00001213  00000-0  54905-4 0  9998
2 43116  97.5109 103.3241 0009677   6.7375 353.3989 15.22806958 59043
1 43116U 18004F   19035.73020909  .00001152  00000-0  52333-4 0  9995
2 43116  97.5108 103.7840 0009626   5.1674 354.9660 15.22807754 59116
1 43116U 18004F   19036.19017901  .00001163  00000-0  52790-4 0  9993
2 43116  97.5107 104.2438 0009584   3.5039 356.6262 15.22809099 59182
1 43116U 18004F   19037.17582847  .00001053  00000-0  48069-4 0  9990
2 43116  97.5105 105.2292 0009484   0.0616   0.0619 15.22811032 59334
1 43116U 18004F   19037.30724843  .00001054  00000-0  48103-4 0  9999
2 43116  97.5105 105.3606 0009465 359.6166   0.5062 15.22811312 59356
1 43116U 18004F   19037.76721743  .00001043  00000-0  47631-4 0  9998
2 43116  97.5104 105.8204 0009427 358.0116   2.1081 15.22812455 59426
1 43116U 18004F   19038.16147658  .00000974  00000-0  44681-4 0  9994
2 43116  97.5102 106.2145 0009388 356.5918   3.5253 15.22813015 59487
1 43116U 18004F   19038.22718645  .00001052  00000-0  48026-4 0  9996
2 43116  97.5102 106.2802 0009382 356.3529   3.7638 15.22813569 59491
1 43116U 18004F   19038.49002565  .00001040  00000-0  47531-4 0  9999
2 43116  97.5102 106.5429 0009348 355.4322   4.6827 15.22814126 59537
1 43116U 18004F   19038.81857475  .00000975  00000-0  44726-4 0  9992
2 43116  97.5102 106.8714 0009322 354.2458   5.8669 15.22814483 59584
1 43116U 18004F   19038.88428452  .00000972  00000-0  44610-4 0  9997
2 43116  97.5101 106.9371 0009314 354.0100   6.1023 15.22814609 59595
1 43116U 18004F   19039.14712346  .00000968  00000-0  44437-4 0  9997
2 43116  97.5101 107.1999 0009288 353.0359   7.0746 15.22815215 59630
1 43116U 18004F   19039.73851093  .00000978  00000-0  44851-4 0  9996
2 43116  97.5100 107.7911 0009226 350.9337   9.1732 15.22816573 59729
1 43116U 18004F   19040.19847848  .00000979  00000-0  44929-4 0  9998
2 43116  97.5099 108.2509 0009180 349.2020  10.9017 15.22817624 59795
1 43116U 18004F   19040.26418791  .00001057  00000-0  48224-4 0  9997
2 43116  97.5099 108.3166 0009176 348.9645  11.1389 15.22818244 59805
1 43116U 18004F   19040.72415542  .00000996  00000-0  45637-4 0  9995
2 43116  97.5099 108.7764 0009127 347.2725  12.8279 15.22818867 59874
1 43116U 18004F   19041.18412231  .00000998  00000-0  45712-4 0  9994
2 43116  97.5098 109.2363 0009085 345.5481  14.5494 15.22819922 59946
1 43116U 18004F   19041.24983218  .00000971  00000-0  44569-4 0  9999
2 43116  97.5098 109.3019 0009077 345.3070  14.7901 15.22819810 59950
1 43116U 18004F   19041.77550844  .00000963  00000-0  44211-4 0  9997
2 43116  97.5098 109.8275 0009028 343.3681  16.7258 15.22820866 60032
1 43116U 18004F   19042.16976544  .00000945  00000-0  43438-4 0  9990
2 43116  97.5097 110.2216 0008996 341.8850  18.2064 15.22821582 60090
1 43116U 18004F   19042.43260373  .00000882  00000-0  40779-4 0  9991
2 43116  97.5097 110.4844 0008966 340.8884  19.2015 15.22821630 60138
1 43116U 18004F   19043.15540726  .00000933  00000-0  42954-4 0  9998
2 43116  97.5096 111.2069 0008907 338.1774  21.9082 15.22823434 60248
1 43116U 18004F   19043.41824493  .00001003  00000-0  45947-4 0  9997
2 43116  97.5096 111.4697 0008882 337.2047  22.8794 15.22824291 60288
1 43116U 18004F   19043.74679180  .00000990  00000-0  45373-4 0  9991
2 43116  97.5095 111.7981 0008851 335.9713  24.1109 15.22824884 60336
1 43116U 18004F   19044.14104781  .00000986  00000-0  45202-4 0  9992
2 43116  97.5094 112.1922 0008816 334.4529  25.6271 15.22825667 60397
1 43116U 18004F   19044.33817581  .00000982  00000-0  45051-4 0  9990
2 43116  97.5094 112.3893 0008795 333.7096  26.3692 15.22826028 60424
1 43116U 18004F   19044.66672201  .00001024  00000-0  46823-4 0  9990
2 43116  97.5094 112.7177 0008764 332.4566  27.6205 15.22827030 60470
1 43116U 18004F   19045.19239585  .00001018  00000-0  46578-4 0  9993
2 43116  97.5093 113.2432 0008724 330.4216  29.6526 15.22828155 60551
1 43116U 18004F   19045.32381444  .00001029  00000-0  47045-4 0  9992
2 43116  97.5093 113.3746 0008708 329.9119  30.1616 15.22828431 60573
1 43116U 18004F   19045.78377844  .00001063  00000-0  48500-4 0  9996
2 43116  97.5092 113.8343 0008671 328.1310  31.9401 15.22829707 60649
1 43116U 18004F   19045.84948762  .00001055  00000-0  48160-4 0  9999
2 43116  97.5091 113.9000 0008665 327.8691  32.2016 15.22829792 60651
1 43116U 18004F   19046.17803356  .00000997  00000-0  45649-4 0  9998
2 43116  97.5091 114.2284 0008642 326.5777  33.4913 15.22830130 60708
1 43116U 18004F   19046.24374268  .00001005  00000-0  46008-4 0  9992
2 43116  97.5091 114.2941 0008634 326.3152  33.7535 15.22830312 60710
1 43116U 18004F   19046.76941579  .00000937  00000-0  43084-4 0  9998
2 43116  97.5090 114.8195 0008595 324.3050  35.7611 15.22830956 60796
1 43116U 18004F   19047.16367013  .00000934  00000-0  42982-4 0  9991
2 43116  97.5089 115.2136 0008572 322.7530  37.3111 15.22831785 60855
1 43116U 18004F   19047.49221554  .00000907  00000-0  41841-4 0  9999
2 43116  97.5088 115.5420 0008540 321.4651  38.5975 15.22832235 60906
1 43116U 18004F   19047.68934258  .00000911  00000-0  42005-4 0  9990
2 43116  97.5088 115.7390 0008528 320.6955  39.3661 15.22832673 60938
1 43116U 18004F   19047.75505154  .00000925  00000-0  42592-4 0  9993
2 43116  97.5088 115.8047 0008537 320.4297  39.6316 15.22832889 60945
1 43116U 18004F   19048.28072369  .00000898  00000-0  41431-4 0  9999
2 43116  97.5087 116.3301 0008495 318.3033  41.7555 15.22833719 61022
1 43116U 18004F   19048.74068630  .00000908  00000-0  41859-4 0  9992
2 43116  97.5086 116.7899 0008457 316.4807  43.5761 15.22834732 61095
1 43116U 18004F   19049.13493973  .00000904  00000-0  41679-4 0  9994
2 43116  97.5084 117.1840 0008430 314.8510  45.2041 15.22835527 61158
1 43116U 18004F   19049.26635738  .00001006  00000-0  46050-4 0  9997
2 43116  97.5084 117.3153 0008420 314.3360  45.7186 15.22836382 61171
1 43116U 18004F   19049.72631954  .00000970  00000-0  44510-4 0  9992
2 43116  97.5083 117.7751 0008383 312.4802  47.5725 15.22837120 61244
1 43116U 18004F   19050.18628126  .00000960  00000-0  44079-4 0  9990
2 43116  97.5082 118.2348 0008357 310.6058  49.4450 15.22838042 61313
1 43116U 18004F   19050.25199017  .00001020  00000-0  46635-4 0  9998
2 43116  97.5082 118.3005 0008353 310.3474  49.7032 15.22838453 61325
1 43116U 18004F   19050.77766038  .00001001  00000-0  45839-4 0  9992
2 43116  97.5081 118.8259 0008316 308.2158  51.8329 15.22839433 61405
1 43116U 18004F   19051.17191259  .00001033  00000-0  47207-4 0  9990
2 43116  97.5080 119.2199 0008302 306.6173  53.4299 15.22840483 61463
1 43116U 18004F   19051.76329142  .00000988  00000-0  45263-4 0  9997
2 43116  97.5079 119.8110 0008264 304.2443  55.8010 15.22841227 61555
1 43116U 18004F   19051.89470867  .00001010  00000-0  46213-4 0  9995
2 43116  97.5079 119.9424 0008258 303.7186  56.3263 15.22841623 61573
1 43116U 18004F   19052.15754316  .00001027  00000-0  46952-4 0  9997
2 43116  97.5078 120.2051 0008249 302.6426  57.4014 15.22842293 61613
1 43116U 18004F   19052.42037770  .00001064  00000-0  48533-4 0  9993
2 43116  97.5078 120.4679 0008241 301.5728  58.4703 15.22842996 61656
1 43116U 18004F   19052.74892058  .00001093  00000-0  49734-4 0  9992
2 43116  97.5078 120.7962 0008223 300.2261  59.8161 15.22843867 61709
1 43116U 18004F   19053.14317204  .00001065  00000-0  48566-4 0  9993
2 43116  97.5077 121.1903 0008207 298.5678  61.4732 15.22844516 61762
1 43116U 18004F   19053.40600660  .00001018  00000-0  46535-4 0  9995
2 43116  97.5077 121.4530 0008189 297.4627  62.5776 15.22844674 61802
1 43116U 18004F   19053.73454942  .00000983  00000-0  45074-4 0  9998
2 43116  97.5076 121.7813 0008176 296.0882  63.9513 15.22845122 61850
1 43116U 18004F   19054.12880045  .00000977  00000-0  44801-4 0  9999
2 43116  97.5075 122.1754 0008165 294.4432  65.5952 15.22845892 61915
1 43116U 18004F   19054.72017697  .00000910  00000-0  41943-4 0  9991
2 43116  97.5074 122.7664 0008139 291.9453  68.0918 15.22846643 62002
1 43116U 18004F   19055.18013588  .00000915  00000-0  42148-4 0  9990
2 43116  97.5073 123.2260 0008129 290.0308  70.0052 15.22847629 62071
1 43116U 18004F   19055.24584458  .00000865  00000-0  40016-4 0  9992
2 43116  97.5073 123.2917 0008125 289.7220  70.3140 15.22847392 62083
1 43116U 18004F   19055.77151182  .00000845  00000-0  39176-4 0  9997
2 43116  97.5072 123.8171 0008111 287.5764  72.4586 15.22848270 62166
1 43116U 18004F   19055.90292865  .00000821  00000-0  38151-4 0  9992
2 43116  97.5072 123.9484 0008108 287.0292  73.0056 15.22848352 62183
1 43116U 18004F   19056.16576203  .00000830  00000-0  38521-4 0  9993
2 43116  97.5071 124.2111 0008104 285.9276  74.1067 15.22848929 62227
1 43116U 18004F   19056.49430398  .00000846  00000-0  39192-4 0  9995
2 43116  97.5071 124.5394 0008089 284.5463  75.4876 15.22849523 62276
1 43116U 18004F   19056.62572060  .00000851  00000-0  39432-4 0  9996
2 43116  97.5071 124.6707 0008085 283.9850  76.0487 15.22849817 62297
1 43116U 18004F   19057.21709541  .00000842  00000-0  39011-4 0  9991
2 43116  97.5070 125.2617 0008072 281.4937  78.5393 15.22850802 62387
1 43116U 18004F   19057.41421998  .00000977  00000-0  44783-4 0  9991
2 43116  97.5070 125.4587 0008064 280.6690  79.3638 15.22851955 62418
1 43116U 18004F   19057.74276177  .00000949  00000-0  43579-4 0  9995
2 43116  97.5069 125.7871 0008066 279.3307  80.7018 15.22852243 62461
1 43116U 18004F   19058.13701120  .00000932  00000-0  42848-4 0  9990
2 43116  97.5068 126.1811 0008064 277.6149  82.4171 15.22852852 62524
1 43116U 18004F   19058.39984426  .00000998  00000-0  45689-4 0  9998
2 43116  97.5068 126.4437 0008058 276.4990  83.5328 15.22853602 62569
1 43116U 18004F   19058.72838523  .00000988  00000-0  45257-4 0  9991
2 43116  97.5067 126.7721 0008061 275.1167  84.9149 15.22854155 62619
1 43116U 18004F   19058.79409317  .00001032  00000-0  47114-4 0  9998
2 43116  97.5067 126.8377 0008060 274.8505  85.1811 15.22854579 62628
1 43116U 18004F   19058.99121759  .00001040  00000-0  47463-4 0  9997
2 43116  97.5066 127.0347 0008063 274.0275  86.0039 15.22855003 62654
1 43116U 18004F   19059.71400665  .00001146  00000-0  51982-4 0  9992
2 43116  97.5065 127.7570 0008059 271.0280  89.0033 15.22857030 62767
1 43116U 18004F   19060.43679468  .00001260  00000-0  56859-4 0  9997
2 43116  97.5064 128.4793 0008059 268.0216  92.0097 15.22859190 62871
1 43116U 18004F   19060.76533444  .00001270  00000-0  57279-4 0  9994
2 43116  97.5064 128.8076 0008068 266.7515  93.2798 15.22859972 62921
1 43116U 18004F   19061.15958190  .00001282  00000-0  57817-4 0  9998
2 43116  97.5063 129.2016 0008076 265.0863  94.9451 15.22860947 62980
1 43116U 18004F   19061.29099791  .00001193  00000-0  53999-4 0  9994
2 43116  97.5063 129.3329 0008077 264.4796  95.5519 15.22860694 63002
1 43116U 18004F   19061.75095313  .00001163  00000-0  52726-4 0  9995
2 43116  97.5062 129.7926 0008085 262.4985  97.5333 15.22861551 63071
1 43116U 18004F   19062.14519996  .00001158  00000-0  52517-4 0  9999
2 43116  97.5061 130.1866 0008100 260.8723  99.1597 15.22862496 63135
1 43116U 18004F   19062.40803083  .00001208  00000-0  54624-4 0  9998
2 43116  97.5061 130.4492 0008102 259.7555 100.2767 15.22863493 63170
1 43116U 18004F   19062.73657003  .00001215  00000-0  54941-4 0  9993
2 43116  97.5060 130.7775 0008117 258.4101 101.6224 15.22864226 63229
1 43116U 18004F   19063.19652380  .00001214  00000-0  54871-4 0  9998
2 43116  97.5059 131.2371 0008136 256.4998 103.5332 15.22865473 63291
1 43116U 18004F   19063.72218517  .00001158  00000-0  52473-4 0  9990
2 43116  97.5058 131.7624 0008153 254.3030 105.7307 15.22866528 63376
1 43116U 18004F   19064.18213842  .00001104  00000-0  50204-4 0  9998
2 43116  97.5057 132.2220 0008169 252.4261 107.6083 15.22867468 63449
1 43116U 18004F   19064.77350644  .00001067  00000-0  48590-4 0  9998
2 43116  97.5056 132.8129 0008183 249.9502 110.0853 15.22868799 63538
1 43116U 18004F   19065.16775139  .00001047  00000-0  47761-4 0  9999
2 43116  97.5055 133.2068 0008201 248.3534 111.6829 15.22869741 63597
1 43116U 18004F   19065.49628887  .00001072  00000-0  48823-4 0  9990
2 43116  97.5055 133.5351 0008211 246.9817 113.0553 15.22870649 63649
1 43116U 18004F   19065.82482588  .00001090  00000-0  49567-4 0  9999
2 43116  97.5054 133.8634 0008225 245.5853 114.4526 15.22871616 63690
1 43116U 18004F   19065.89053347  .00001039  00000-0  47408-4 0  9998
2 43116  97.5054 133.9290 0008233 245.2579 114.7800 15.22871443 63708
1 43116U 18004F   19066.15336305  .00001030  00000-0  47025-4 0  9992
2 43116  97.5053 134.1917 0008251 244.1206 115.9180 15.22872065 63740
1 43116U 18004F   19066.41619248  .00001100  00000-0  49997-4 0  9999
2 43116  97.5053 134.4542 0008261 243.0154 117.0239 15.22873100 63781
1 43116U 18004F   19066.81043654  .00001082  00000-0  49225-4 0  9998
2 43116  97.5052 134.8482 0008281 241.4040 118.6364 15.22873970 63843
1 43116U 18004F   19067.13897303  .00001079  00000-0  49097-4 0  9995
2 43116  97.5051 135.1764 0008302 240.0452 119.9961 15.22874768 63893
1 43116U 18004F   19067.40180204  .00001137  00000-0  51589-4 0  9994
2 43116  97.5051 135.4391 0008315 238.9455 121.0965 15.22875738 63936
1 43116U 18004F   19067.79604581  .00001066  00000-0  48541-4 0  9990
2 43116  97.5050 135.8330 0008336 237.3507 122.6925 15.22876226 63998
1 43116U 18004F   19068.12458189  .00001066  00000-0  48544-4 0  9992
2 43116  97.5049 136.1613 0008360 236.0124 124.0318 15.22877008 64040
1 43116U 18004F   19068.45311827  .00001077  00000-0  49029-4 0  9996
2 43116  97.5049 136.4895 0008376 234.7094 125.3360 15.22877685 64090
1 43116U 18004F   19068.84736134  .00001052  00000-0  47969-4 0  9995
2 43116  97.5048 136.8834 0008397 233.1352 126.9115 15.22878428 64157
1 43116U 18004F   19068.91306838  .00001067  00000-0  48569-4 0  9990
2 43116  97.5048 136.9491 0008406 232.8598 127.1871 15.22878679 64167
1 43116U 18004F   19069.17589687  .00001062  00000-0  48358-4 0  9995
2 43116  97.5047 137.2117 0008424 231.8055 128.2423 15.22879274 64204
1 43116U 18004F   19069.37301852  .00001136  00000-0  51524-4 0  9994
2 43116  97.5047 137.4086 0008437 230.9933 129.0553 15.22879975 64234
1 43116U 18004F   19069.83296819  .00001117  00000-0  50697-4 0  9990
2 43116  97.5046 137.8682 0008463 229.1892 130.8611 15.22880856 64305
1 43116U 18004F   19070.16150338  .00001127  00000-0  51138-4 0  9995
2 43116  97.5046 138.1965 0008488 227.8700 132.1815 15.22881658 64350
1 43116U 18004F   19070.42433171  .00000913  00000-0  42027-4 0  9992
2 43116  97.5046 138.4591 0008508 226.7835 133.2691 15.22881017 64395
1 43116U 18004F   19070.81857394  .00000889  00000-0  40997-4 0  9998
2 43116  97.5045 138.8530 0008533 225.2101 134.8442 15.22881665 64456
1 43116U 18004F   19071.14710907  .00000857  00000-0  39642-4 0  9993
2 43116  97.5045 139.1812 0008560 223.9471 136.1085 15.22882116 64504
1 43116U 18004F   19071.40993702  .00000837  00000-0  38789-4 0  9997
2 43116  97.5045 139.4438 0008579 222.8829 137.1739 15.22882521 64547
1 43116U 18004F   19071.80417862  .00001052  00000-0  47957-4 0  9996
2 43116  97.5043 139.8377 0008606 221.3445 138.7141 15.22884496 64604
1 43116U 18004F   19072.13271304  .00001059  00000-0  48228-4 0  9991
2 43116  97.5043 140.1659 0008637 220.0497 140.0104 15.22885260 64659
1 43116U 18004F   19072.46124775  .00000993  00000-0  45431-4 0  9995
2 43116  97.5042 140.4941 0008663 218.7353 141.3263 15.22885488 64707